{
  "genres": [
    "drama",
    "thriller",
    "action",
    "comedy",
    "crime",
    "romance",
    "sci-fi",
    "adventure",
    "mystery",
    "horror",
    "fantasy"
  ],
  "matrix": [
    [
      320,
      118,
      44,
      61,
      79,
      85,
      31,
      26,
      50,
      22,
      22
    ],
    [
      118,
      273,
      107,
      24,
      109,
      28,
      66,
      47,
      86,
      72,
      26
    ],
    [
      44,
      107,
      178,
      29,
      60,
      12,
      80,
      95,
      15,
      19,
      39
    ],
    [
      61,
      24,
      29,
      165,
      31,
      64,
      17,
      26,
      7,
      14,
      25
    ],
    [
      79,
      109,
      60,
      31,
      149,
      19,
      15,
      15,
      35,
      8,
      13
    ],
    [
      85,
      28,
      12,
      64,
      19,
      132,
      8,
      11,
      12,
      5,
      14
    ],
    [
      31,
      66,
      80,
      17,
      15,
      8,
      128,
      65,
      29,
      25,
      23
    ],
    [
      26,
      47,
      95,
      26,
      15,
      11,
      65,
      126,
      8,
      10,
      35
    ],
    [
      50,
      86,
      15,
      7,
      35,
      12,
      29,
      8,
      104,
      30,
      14
    ],
    [
      22,
      72,
      19,
      14,
      8,
      5,
      25,
      10,
      30,
      100,
      20
    ],
    [
      22,
      26,
      39,
      25,
      13,
      14,
      23,
      35,
      14,
      20,
      82
    ]
  ],
  "genre_pairs": [
    [
      "drama",
      "thriller"
    ],
    [
      "crime",
      "thriller"
    ],
    [
      "action",
      "thriller"
    ],
    [
      "action",
      "adventure"
    ],
    [
      "mystery",
      "thriller"
    ],
    [
      "drama",
      "romance"
    ],
    [
      "action",
      "sci-fi"
    ],
    [
      "crime",
      "drama"
    ],
    [
      "horror",
      "thriller"
    ],
    [
      "sci-fi",
      "thriller"
    ],
    [
      "adventure",
      "sci-fi"
    ],
    [
      "comedy",
      "romance"
    ],
    [
      "comedy",
      "drama"
    ],
    [
      "action",
      "crime"
    ],
    [
      "drama",
      "mystery"
    ],
    [
      "adventure",
      "thriller"
    ],
    [
      "action",
      "drama"
    ],
    [
      "action",
      "fantasy"
    ],
    [
      "crime",
      "mystery"
    ],
    [
      "adventure",
      "fantasy"
    ]
  ],
  "counts": [
    118,
    109,
    107,
    95,
    86,
    85,
    80,
    79,
    72,
    66,
    65,
    64,
    61,
    60,
    50,
    47,
    44,
    39,
    35,
    35
  ],
  "percentages": [
    19.12,
    17.67,
    17.34,
    15.4,
    13.94,
    13.78,
    12.97,
    12.8,
    11.67,
    10.7,
    10.53,
    10.37,
    9.89,
    9.72,
    8.1,
    7.62,
    7.13,
    6.32,
    5.67,
    5.67
  ]
}